4578	4593	4608	4623	4638	4653	4668	4683	4698	4713	4728	4743	4758	4773
4559
5083	5088	5093	5098	5103	5108	5113	5118	5123
1397	1399
189	196	203	210	217	224	231	238	245
3594	3596
4054	4060	4066	4072
293	314	335	356
3249
2577	2600	2623
2692	2695	2698	2701	2704	2707	2710	2713
3342	3344	3346	3348
1818	1826
3709	3730	3751	3772	3793	3814	3835	3856	3877	3898	3919	3940
2900	2909	2918	2927	2936
3041	3058	3075
2427	2430	2433	2436	2439
3554	3558	3562	3566	3570	3574	3578	3582
2544	2546
4927	4932
515	516
793
4951	4953	4955
1733	1739	1745	1751	1757	1763	1769	1775	1781	1787	1793	1799	1805	1811
1206	1209	1212
896	898	900
4579	4594	4609	4624	4639	4654	4669	4684	4699	4714	4729	4744	4759	4774
3045	3062	3079
1107	1110	1113	1116	1119	1122	1125
4891	4895	4899	4903
792
4793	4797	4801
4276
3099	3102	3105	3108	3111
4397	4398
1405	1414
1287	1289	1291	1293
2584	2607	2630
689	692	695
5042	5049	5056	5063	5070
194	201	208	215	222	229	236	243	250
4288	4290	4292	4294	4296	4298
2724	2726
5043	5050	5057	5064	5071
980
5040	5047	5054	5061	5068
543	546	549	552	555
3050	3067	3084
4132	4166	4200	4234	4268
2340
294	315	336	357
5041	5048	5055	5062	5069
2820	2836
4049	4055	4061	4067
2589	2612	2635
1245	1246
4907	4911	4915
4791
5019	5021	5023	5025
371	376	381	386
11	13
1842	1850	1858	1866	1874	1882	1890	1898	1906
2571	2594	2617
4804
1226	1228	1230
4575	4590	4605	4620	4635	4650	4665	4680	4695	4710	4725	4740	4755	4770
105	109
2761	2764
2526	2528	2530	2532
3216
1838	1846	1854	1862	1870	1878	1886	1894	1902
1036	1037	1038	1039	1040	1041	1042	1043	1044
4583	4598	4613	4628	4643	4658	4673	4688	4703	4718	4733	4748	4763	4778
454	456	458
2189	2191
3208	3211
4118	4152	4186	4220	4254
2939	2941
2051	2052
624	628	632
680	683	686
2305	2310	2315	2320	2325
2395	2399
295	316	337	358
2583	2606	2629
2757	2758
3707	3728	3749	3770	3791	3812	3833	3854	3875	3896	3917	3938
2895	2904	2913	2922	2931
584	585	586
3986	3988
4280
1270	1272	1274	1276
3593
2996	2998
2416	2423
4353	4355	4357
1427	1442	1457	1472	1487	1502	1517	1532	1547	1562	1577	1592	1607	1622	1637	1652	1667	1682	1697
3696	3717	3738	3759	3780	3801	3822	3843	3864	3885	3906	3927
3018	3022	3026
2899	2908	2917	2926	2935
2958	2959
1139	1141	1143	1145
2570	2593	2616
817	824	831	838	845	852	859	866	873	880	887
2559	2561	2563
4574	4589	4604	4619	4634	4649	4664	4679	4694	4709	4724	4739	4754	4769
3710	3731	3752	3773	3794	3815	3836	3857	3878	3899	3920	3941
2294
3252	3254
1108	1111	1114	1117	1120	1123	1126
4044
4812	4830	4848	4866
1734	1740	1746	1752	1758	1764	1770	1776	1782	1788	1794	1800	1806	1812
3429	3438	3447	3456	3465	3474	3483	3492	3501	3510	3519
2574	2597	2620
778	781	784
2046	2048
2585	2608	2631
576	579
3420
3557	3561	3565	3569	3573	3577	3581	3585
4128	4162	4196	4230	4264
5036
2359	2364	2369	2374	2379	2384
1348
1917	1927	1937
3001	3003
3175	3176	3177	3178	3179	3180	3181
475	480	485
21	29	37	45	53	61	69	77
1957	1959	1961	1963	1965	1967
4050	4056	4062	4068
566	569	572
2576	2599	2622
1007	1012	1017	1022	1027	1032
4923	4924
252	254
577	580
391	396	401	406	411	416	421
1911	1921	1931
2947	2953
599	606	613	620
4918	4921
4786	4788	4790
1051	1059	1067	1075	1083	1091
4042
4104	4138	4172	4206	4240
3335
638	645	652
1004
1972	1981	1990	1999	2008	2017
3982
2549
2810	2826
788	790
3265	3266
4819	4837	4855	4873
4566	4573
282	303	324	345
3218
3946	3951	3956	3961	3966	3971	3976
3424	3433	3442	3451	3460	3469	3478	3487	3496	3505	3514
3051	3068	3085
733	741	749	757	765
621	625	629
4919	4922
1001	1002
1202	1203
2657	2658	2659	2660	2661	2662	2663
2813	2829
3430	3439	3448	3457	3466	3475	3484	3493	3502	3511	3520
1916	1926	1936
3411	3412	3413
2460	2463	2466
4043
3375
426	427	428
2327	2330	2333
702	705	708	711	714
2793	2796	2799	2802
4112	4146	4180	4214	4248
2449	2453	2457
3096
575	578
1419
4115	4149	4183	4217	4251
2794	2797	2800	2803
4813	4831	4849	4867
4881
4817	4835	4853	4871
5078	5079
2675	2677
2195	2202	2209	2216	2223
1334	1338	1342	1346
1006	1011	1016	1021	1026	1031
1437	1452	1467	1482	1497	1512	1527	1542	1557	1572	1587	1602	1617	1632	1647	1662	1677	1692	1707
2120	2124	2128	2132
4966	4970	4974	4978	4982	4986	4990	4994	4998	5002	5006	5010	5014
3539	3543	3547	3551
4123	4157	4191	4225	4259
776
4820	4838	4856	4874
4085	4088	4091	4094
2777	2779	2781
453	455	457
3115	3120	3125	3130	3135	3140
1184	1188	1192	1196	1200
1833
4565	4572
3990
118	124	130	136	142	148
2199	2206	2213	2220	2227
1183	1187	1191	1195	1199
583
4087	4090	4093	4096
1295	1298	1301
4287	4289	4291	4293	4295	4297
2838	2840	2842
1834
4808	4826	4844	4862
3653	3659
4816	4834	4852	4870
2108	2110	2112
2396	2400
2533
3981
810
2385	2387	2389
2114	2116
4102	4136	4170	4204	4238
3645	3647	3649	3651
1713	1716	1719
2353	2354
3947	3952	3957	3962	3967	3972	3977
3190	3192
542	545	548	551	554
1243	1244
1095	1101
4818	4836	4854	4872
623	627	631
1909	1919	1929
1109	1112	1115	1118	1121	1124	1127
1914	1924	1934
3257	3259	3261	3263
3336	3338	3340
3146	3149	3152	3155
2156	2166	2176	2186
1406	1415
362
1333	1337	1341	1345
1133	1135	1137
3997	4007	4017	4027	4037
3637	3639	3641
2469	2473	2477	2481	2485	2489	2493
2587	2610	2633
192	199	206	213	220	227	234	241	248
4555
2722
2244	2247	2250
1247	1249	1251	1253	1255	1257
1433	1448	1463	1478	1493	1508	1523	1538	1553	1568	1583	1598	1613	1628	1643	1658	1673	1688	1703
965	970	975
2345	2346
392	397	402	407	412	417	422
3536
195	202	209	216	223	230	237	244	251
1234	1235	1236	1237	1238	1239	1240
3343	3345	3347	3349
562
2804
3258	3260	3262	3264
3255	3256
297	318	339	360
3184	3186	3188
4078	4080	4082
499
1366	1368
4431	4441	4451	4461	4471	4481	4491	4501	4511	4521	4531	4541
946	951	956	961
2664	2666
1305	1308	1311	1314	1317
538	540
4399	4402	4405	4408
429	430	431
596	603	610	617
4576	4591	4606	4621	4636	4651	4666	4681	4696	4711	4726	4741	4756	4771
2343	2344
1409	1418
2565	2567	2569
3521	3524	3527	3530	3533
438	442	446
394	399	404	409	414	419	424
3416	3418
1970	1971
679	682	685
1324	1328
2303	2308	2313	2318	2323
2252	2255	2258	2261	2264	2267	2270	2273	2276	2279	2282	2285	2288	2291
3048	3065	3082
2963	2965	2967
4882	4884	4886
2444
4890	4894	4898	4902
1383	1385	1387
1053	1061	1069	1077	1085	1093
3620	3623	3626
363
1913	1923	1933
4278
2962	2964	2966
22	30	38	46	54	62	70	78
4940	4943	4946
892	894
1403	1412
2149	2159	2169	2179
115	121	127	133	139	145
730
3948	3953	3958	3963	3968	3973	3978
191	198	205	212	219	226	233	240	247
106	110
1817	1825
935	937
4329	4334	4339	4344	4349
4361	4365	4369	4373	4377	4381	4385
1388	1390	1392
1980	1989	1998	2007	2016	2025
2026	2029	2032	2035	2038	2041
1735	1741	1747	1753	1759	1765	1771	1777	1783	1789	1795	1801	1807	1813
991	996
1977	1986	1995	2004	2013	2022
259	262
9
509	511	513
5045	5052	5059	5066	5073
2243	2246	2249
2898	2907	2916	2925	2934
3379	3382	3385
2442	2443
1304	1307	1310	1313	1316
4000	4010	4020	4030	4040
4283	4284	4285	4286
3378	3381	3384
727	728	729
2535	2536	2537	2538	2539	2540	2541	2542
439	443	447
3246	3247
4133	4167	4201	4235	4269
917	921	925	929
2948	2954
595	602	609	616
1408	1417
1939	1942	1945	1948	1951	1954
2592	2615	2638
5026	5027
4938	4941	4944
3185	3187	3189
1732	1738	1744	1750	1756	1762	1768	1774	1780	1786	1792	1798	1804	1810
2674	2676
4433	4443	4453	4463	4473	4483	4493	4503	4513	4523	4533	4543
1824	1832
15	16	17
4074	4076
25	33	41	49	57	65	73	81
3586	3588	3590
2113	2115
2844	2849	2854	2859	2864	2869	2874	2879	2884	2889
4101	4135	4169	4203	4237
1100	1106
432	433
1045
636	643	650
3665	3668
4328	4333	4338	4343	4348
4362	4366	4370	4374	4378	4382	4386
2299	2300
4430	4440	4450	4460	4470	4480	4490	4500	4510	4520	4530	4540
5080	5085	5090	5095	5100	5105	5110	5115	5120
3191	3193
2580	2603	2626
2739	2744	2749
819	826	833	840	847	854	861	868	875	882	889
687	690	693
593	600	607	614
933
3351	3353	3355	3357	3359	3361	3363	3365	3367
2553	2556
1439	1454	1469	1484	1499	1514	1529	1544	1559	1574	1589	1604	1619	1634	1649	1664	1679	1694	1709
1009	1014	1019	1024	1029	1034
5037	5038
2348	2350	2352
2669	2672
4904	4908	4912
2942	2943
2814	2830
719	720	721	722
902
2740	2745	2750
3595	3597
278	299	320	341
4279
2196	2203	2210	2217	2224
791
2949	2955
2972	2979	2986
4302	4306	4310	4314	4318	4322
4586	4601	4616	4631	4646	4661	4676	4691	4706	4721	4736	4751	4766	4781
2806	2822
1402	1411
4879	4880
4099
981	986
2405	2408	2411
23	31	39	47	55	63	71	79
773
2847	2852	2857	2862	2867	2872	2877	2882	2887	2892
2969	2976	2983
3267	3272	3277	3282	3287	3292	3297	3302	3307	3312
3161	3166	3171
1420	1422	1424
4429	4439	4449	4459	4469	4479	4489	4499	4509	4519	4529	4539
2973	2980	2987
796	800	804	808
2680	2684	2688
85
491	494	497
3223	3224
3608	3611	3614
2136	2139	2142	2145	2148
1213	1215
2153	2163	2173	2183
3995	4005	4015	4025	4035
4077	4079	4081
1097	1103
811
1131
3673	3677	3681	3685	3689	3693
2050
1822	1830
1231	1232	1233
20	28	36	44	52	60	68	76
3666	3669
3017	3021	3025
2501	2508	2515	2522
2472	2476	2480	2484	2488	2492	2496
3712	3733	3754	3775	3796	3817	3838	3859	3880	3901	3922	3943
492	495	498
1435	1450	1465	1480	1495	1510	1525	1540	1555	1570	1585	1600	1615	1630	1645	1660	1675	1690	1705
2134	2137	2140	2143	2146
3019	3023	3027
949	954	959	964
1438	1453	1468	1483	1498	1513	1528	1543	1558	1573	1588	1603	1618	1633	1648	1663	1678	1693	1708
2778	2780	2782
2086	2091	2096	2101	2106
1976	1985	1994	2003	2012	2021
4073	4075
3654	3660
117	123	129	135	141	147
2298
374	379	384	389
284	305	326	347
3703	3724	3745	3766	3787	3808	3829	3850	3871	3892	3913	3934
1404	1413
3555	3559	3563	3567	3571	3575	3579	3583
1973	1982	1991	2000	2009	2018
2047	2049
253	255
3711	3732	3753	3774	3795	3816	3837	3858	3879	3900	3921	3942
2084	2089	2094	2099	2104
4390	4392	4394	4396
366
4001	4011	4021	4031	4041
3708	3729	3750	3771	3792	3813	3834	3855	3876	3897	3918	3939
939	941	943
3697	3718	3739	3760	3781	3802	3823	3844	3865	3886	3907	3928
3592
938	940	942
4784
1225	1227	1229
4553
3991
4437	4447	4457	4467	4477	4487	4497	4507	4517	4527	4537	4547
2644	2650	2656
1378	1379
893	895
660	664	668	672	676
2233	2235	2237
3714	3735	3756	3777	3798	3819	3840	3861	3882	3903	3924	3945
2738	2743	2748
813
3114	3119	3124	3129	3134	3139
3994	4004	4014	4024	4034
777	780	783
2155	2165	2175	2185
969	974	979
2414	2421
3000	3002
1429	1444	1459	1474	1489	1504	1519	1534	1549	1564	1579	1594	1609	1624	1639	1654	1669	1684	1699
2717	2719	2721
3195	3198	3201	3204
1736	1742	1748	1754	1760	1766	1772	1778	1784	1790	1796	1802	1808	1814
735	743	751	759	767
501	503	505
4959	4961	4963
364
3700	3721	3742	3763	3784	3805	3826	3847	3868	3889	3910	3931
2107	2109	2111
4277
265
3987	3989
3556	3560	3564	3568	3572	3576	3580	3584
1138	1140	1142	1144
2679	2683	2687
2975	2982	2989
86
2534
2639	2645	2651
4792	4796	4800
2641	2647	2653
2893	2902	2911	2920	2929
3391	3393	3395	3397
1096	1102
3996	4006	4016	4026	4036
111	112
821	828	835	842	849	856	863	870	877	884	891
3670	3674	3678	3682	3686	3690
2960	2961
659	663	667	671	675
288	309	330	351
185	187
2301	2306	2311	2316	2321
2725	2727
904	906
634	641	648
2681	2685	2689
1711	1714	1717
3638	3640	3642
1820	1828
797	801	805	809
3016	3020	3024
3207	3210
280	301	322	343
3706	3727	3748	3769	3790	3811	3832	3853	3874	3895	3916	3937
2295
113	119	125	131	137	143
1099	1105
3160	3165	3170
459
2358	2363	2368	2373	2378	2383
1294	1297	1300
1335	1339	1343	1347
2194	2201	2208	2215	2222
3269	3274	3279	3284	3289	3294	3299	3304	3309	3314
2497	2504	2511	2518
1394
2944
2118	2122	2126	2130
2759	2762
697	699
2765	2767	2769	2771	2773	2775
1094
1205	1208	1211
4967	4971	4975	4979	4983	4987	4991	4995	4999	5003	5007	5011	5015
775
1730	1731
1823	1831
151	157	163	169	175	181
1432	1447	1462	1477	1492	1507	1522	1537	1552	1567	1582	1597	1612	1627	1642	1657	1672	1687	1702
2938	2940
4108	4142	4176	4210	4244
26	34	42	50	58	66	74	82
1248	1250	1252	1254	1256	1258
3417	3419
731	732
4401	4404	4407	4410
1843	1851	1859	1867	1875	1883	1891	1899	1907
982	987
739	747	755	763	771
3618	3621	3624
3046	3063	3080
2894	2903	2912	2921	2930
995	1000
1005	1010	1015	1020	1025	1030
4363	4367	4371	4375	4379	4383	4387
639	646	653
2459
2807	2823
967	972	977
2974	2981	2988
4889	4893	4897	4901
4563	4570
3158
1269	1271	1273	1275
4928	4933
2386	2388	2390
4364	4368	4372	4376	4380	4384	4388
2304	2309	2314	2319	2324
462	465	468	471
4131	4165	4199	4233	4267
1956
2816	2832
283	304	325	346
2846	2851	2856	2861	2866	2871	2876	2881	2886	2891
2429	2432	2435	2438	2441
4888	4892	4896	4900
2296	2297
267	269	271	273	275	277
1008	1013	1018	1023	1028	1033
2896	2905	2914	2923	2932
1389	1391	1393
2302	2307	2312	2317	2322
3042	3059	3076
5044	5051	5058	5065	5072
1259	1261	1263	1265	1267
1146	1149	1152	1155	1158	1161	1164	1167	1170	1173	1176	1179
4125	4159	4193	4227	4261
4107	4141	4175	4209	4243
1839	1847	1855	1863	1871	1879	1887	1895	1903
2135	2138	2141	2144	2147
1354	1358	1362
2579	2602	2625
1940	1943	1946	1949	1952	1955
3037	3054	3071
2335	2336
934	936
1355	1359	1363
4588	4603	4618	4633	4648	4663	4678	4693	4708	4723	4738	4753	4768	4783
4113	4147	4181	4215	4249
3428	3437	3446	3455	3464	3473	3482	3491	3500	3509	3518
2572	2595	2618
3643
4412	4414	4416	4418
2462	2465	2468
4105	4139	4173	4207	4241
1277	1279	1281
2054	2056	2058	2060	2062
5077
2586	2609	2632
97	99	101
2341	2342
945	950	955	960
2347	2349	2351
1350	1352
395	400	405	410	415	420	425
1365	1367
500	502	504
2067	2070	2073	2076	2079
4327	4332	4337	4342	4347
2413	2420
150	156	162	168	174	180
1428	1443	1458	1473	1488	1503	1518	1533	1548	1563	1578	1593	1608	1623	1638	1653	1668	1683	1698
4299	4303	4307	4311	4315	4319
1712	1715	1718
726
4428	4438	4448	4458	4468	4478	4488	4498	4508	4518	4528	4538
3194
1722	1723	1724
193	200	207	214	221	228	235	242	249
734	742	750	758	766
2843	2848	2853	2858	2863	2868	2873	2878	2883	2888
3553
1147	1150	1153	1156	1159	1162	1165	1168	1171	1174	1177	1180
2232
1908	1918	1928
186	188
298	319	340	361
3227	3230	3233
1969
4584	4599	4614	4629	4644	4659	4674	4689	4704	4719	4734	4749	4764	4779
3040	3057	3074
2428	2431	2434	2437	2440
3695	3716	3737	3758	3779	3800	3821	3842	3863	3884	3905	3926
3538	3542	3546	3550
2417	2424
296	317	338	359
4795	4799	4803
4823	4841	4859	4877
5033	5034	5035
1182	1186	1190	1194	1198
4548	4549	4550
2729	2730
3028	3031	3034
2406	2409	2412
787	789
3705	3726	3747	3768	3789	3810	3831	3852	3873	3894	3915	3936
3387	3389
2643	2649	2655
1430	1445	1460	1475	1490	1505	1520	1535	1550	1565	1580	1595	1610	1625	1640	1655	1670	1685	1700
4116	4150	4184	4218	4252
2897	2906	2915	2924	2933
3043	3060	3077
2732	2735
556	558	560
152	158	164	170	176	182
2418	2425
2694	2697	2700	2703	2706	2709	2712	2715
2151	2161	2171	2181
3214
3402	3405	3408
2812	2828
4120	4154	4188	4222	4256
3005	3008
2588	2611	2634
2027	2030	2033	2036	2039	2042
3236	3238	3240	3242	3244
2554	2557
104	108
368	370
4957	4958
993	998
947	952	957	962
4960	4962	4964
436	440	444
3318	3320	3322	3324	3326	3328	3330	3332	3334
3599	3601	3603	3605
2471	2475	2479	2483	2487	2491	2495
1837	1845	1853	1861	1869	1877	1885	1893	1901
3664	3667
1218	1220	1222	1224
1382	1384	1386
2945
2419	2426
1318	1320
4794	4798	4802
2783	2786	2789
1912	1922	1932
1395
2356	2361	2366	2371	2376	2381
3403	3406	3409
4326	4331	4336	4341	4346
149	155	161	167	173	179
520	524	528	532	536
3598	3600	3602	3604
2543	2545
2357	2362	2367	2372	2377	2382
4083	4084
4929	4934
1436	1451	1466	1481	1496	1511	1526	1541	1556	1571	1586	1601	1616	1631	1646	1661	1676	1691	1706
4421	4423	4425	4427
3414	3415
786
3999	4009	4019	4029	4039
4809	4827	4845	4863
3182	3183
1046	1054	1062	1070	1078	1086
3219	3221
4117	4151	4185	4219	4253
87	88	89	90	91	92	93	94	95	96
3949	3954	3959	3964	3969	3974	3979
4435	4445	4455	4465	4475	4485	4495	4505	4515	4525	4535	4545
4109	4143	4177	4211	4245
3537	3541	3545	3549
2461	2464	2467
2133
1841	1849	1857	1865	1873	1881	1889	1897	1905
737	745	753	761	769
3426	3435	3444	3453	3462	3471	3480	3489	3498	3507	3516
2693	2696	2699	2702	2705	2708	2711	2714
4411
2447	2451	2455
820	827	834	841	848	855	862	869	876	883	890
2968
2197	2204	2211	2218	2225
1286	1288	1290	1292
3217
3421
1049	1057	1065	1073	1081	1089
2573	2596	2619
597	604	611	618
3237	3239	3241	3243	3245
5074
2064	2065	2066
919	923	927	931
2392
4810	4828	4846	4864
4300	4304	4308	4312	4316	4320
3398	3400
918	922	926	930
1148	1151	1154	1157	1160	1163	1166	1169	1172	1175	1178	1181
589	591
1958	1960	1962	1964	1966	1968
3619	3622	3625
1132	1134	1136
3030	3033	3036
541	544	547	550	553
263
1	2	3	4	5
5028
3376
2498	2505	2512	2519
4968	4972	4976	4980	4984	4988	4992	4996	5000	5004	5008	5012	5016
4906	4910	4914
1440	1455	1470	1485	1500	1515	1530	1545	1560	1575	1590	1605	1620	1635	1650	1665	1680	1695	1710
1349	1351
1035
3006	3009
3215
718
98	100	102
10
5030	5032
4301	4305	4309	4313	4317	4321
2448	2452	2456
3163	3168	3173
688	691	694
4114	4148	4182	4216	4250
779	782	785
2575	2598	2621
4931	4936
1910	1920	1930
4811	4829	4847	4865
5018	5020	5022	5024
281	302	323	344
3148	3151	3154	3157
4552
2240	2242
2741	2746	2751
4325
3985
1353	1357	1361
1836	1844	1852	1860	1868	1876	1884	1892	1900
4420	4422	4424	4426
2234	2236	2238
2446
2753	2754	2755	2756
19
4106	4140	4174	4208	4242
568	571	574
696	698
2819	2835
3993	4003	4013	4023	4033
5081	5086	5091	5096	5101	5106	5111	5116	5121
994	999
490	493	496
920	924	928	932
1241	1242
655	657
907	910	913
3162	3167	3172
4815	4833	4851	4869
3197	3200	3203	3206
4436	4446	4456	4466	4476	4486	4496	4506	4516	4526	4536	4546
479	484	489
24	32	40	48	56	64	72	80
154	160	166	172	178	184
3317	3319	3321	3323	3325	3327	3329	3331	3333
3159	3164	3169
4814	4832	4850	4868
3251	3253
3587	3589	3591
473	474
590	592
477	482	487
2394	2398
2845	2850	2855	2860	2865	2870	2875	2880	2885	2890
2391
3616	3617
3004	3007
2502	2509	2516	2523
2190	2192
3369
3250
2990	2991	2992	2993
449	451
3268	3273	3278	3283	3288	3293	3298	3303	3308	3313
103	107
2731	2734
1975	1984	1993	2002	2011	2020
285	306	327	348
814
2245	2248	2251
4282
2668	2671
2157	2167	2177	2187
3147	3150	3153	3156
2901	2910	2919	2928	2937
594	601	608	615
2415	2422
3098	3101	3104	3107	3110
3038	3055	3072
2154	2164	2174	2184
2792	2795	2798	2801
3992	4002	4012	4022	4032
1821	1829
944
5084	5089	5094	5099	5104	5109	5114	5119	5124
3014	3015
2670	2673
519	523	527	531	535
2837	2839	2841
2152	2162	2172	2182
2117	2121	2125	2129
2951	2957
1819	1827
3701	3722	3743	3764	3785	3806	3827	3848	3869	3890	3911	3932
4939	4942	4945
1978	1987	1996	2005	2014	2023
3196	3199	3202	3205
256
2228	2229	2230	2231
4965
258	261
678	681	684
84
1283	1284	1285
1974	1983	1992	2001	2010	2019
3422	3431	3440	3449	3458	3467	3476	3485	3494	3503	3512
290	311	332	353
2550	2551
2450	2454	2458
3713	3734	3755	3776	3797	3818	3839	3860	3881	3902	3923	3944
4824	4842	4860	4878
517	521	525	529	533
3671	3675	3679	3683	3687	3691
478	483	488
373	378	383	388
4564	4571
1426	1441	1456	1471	1486	1501	1516	1531	1546	1561	1576	1591	1606	1621	1636	1651	1666	1681	1696
658	662	666	670	674
4097	4098
4400	4403	4406	4409
5039	5046	5053	5060	5067
2760	2763
897	899	901
3652	3658
567	570	573
291	312	333	354
2404	2407	2410
557	559	561
4434	4444	4454	4464	4474	4484	4494	4504	4514	4524	4534	4544
2716	2718	2720
2044	2045
1401	1410
4562	4569
2784	2787	2790
3234	3235
1421	1423	1425
460
4916
2055	2057	2059	2061	2063
4937
3522	3525	3528	3531	3534
4821	4839	4857	4875
2808	2824
968	973	978
736	744	752	760	768
4086	4089	4092	4095
1370	1373	1376
1260	1262	1264	1266	1268
992	997
3047	3064	3081
3174
2503	2510	2517	2524
2752
3404	3407	3410
3377	3380	3383
3423	3432	3441	3450	3459	3468	3477	3486	3495	3504	3513
2119	2123	2127	2131
2737	2742	2747
3010	3012
2997	2999
4111	4145	4179	4213	4247
4323	4324
3628	3630	3632	3634	3636
257	260
2150	2160	2170	2180
2971	2978	2985
701	704	707	710	713
815	822	829	836	843	850	857	864	871	878	885
2198	2205	2212	2219	2226
4805	4806
3226	3229	3232
4281
4119	4153	4187	4221	4255
2691
1380	1381
4582	4597	4612	4627	4642	4657	4672	4687	4702	4717	4732	4747	4762	4777
3656	3662
1217	1219	1221	1223
3698	3719	3740	3761	3782	3803	3824	3845	3866	3887	3908	3929
1325	1329
3606	3609	3612
3142	3144
264
2028	2031	2034	2037	2040	2043
2578	2601	2624
2994	2995
2811	2827
3672	3676	3680	3684	3688	3692
1128	1129	1130
3113	3118	3123	3128	3133	3138
4359	4360
1326	1330
2083	2088	2093	2098	2103
2328	2331	2334
2558	2560	2562
1296	1299	1302
1396
2525	2527	2529	2531
1434	1449	1464	1479	1494	1509	1524	1539	1554	1569	1584	1599	1614	1629	1644	1659	1674	1689	1704
435
1278	1280	1282
2733	2736
3337	3339	3341
903	905
4127	4161	4195	4229	4263
2499	2506	2513	2520
3029	3032	3035
3699	3720	3741	3762	3783	3804	3825	3846	3867	3888	3909	3930
4785	4787	4789
909	912	915
2946	2952
4925	4926
2337	2338	2339
4110	4144	4178	4212	4246
1720	1721
1204	1207	1210
4272	4273	4274	4275
1840	1848	1856	1864	1872	1880	1888	1896	1904
2682	2686	2690
2728
2678
1431	1446	1461	1476	1491	1506	1521	1536	1551	1566	1581	1596	1611	1626	1641	1656	1671	1686	1701
4045	4046	4047
2393	2397
3523	3526	3529	3532	3535
286	307	328	349
114	120	126	132	138	144
1050	1058	1066	1074	1082	1090
716	717
598	605	612	619
1003
812
3998	4008	4018	4028	4038
3011	3013
795	799	803	807
715
622	626	630
2193	2200	2207	2214	2221
367	369
700	703	706	709	712
563	564	565
633	640	647
738	746	754	762	770
654	656
1407	1416
1938	1941	1944	1947	1950	1953
966	971	976
506	507	508	510	512	514
2470	2474	2478	2482	2486	2490	2494
3425	3434	3443	3452	3461	3470	3479	3488	3497	3506	3515
2552	2555
723	724	725
2069	2072	2075	2078	2081
3209	3212
1371	1374	1377
1048	1056	1064	1072	1080	1088
2085	2090	2095	2100	2105
3657	3663
372	377	382	387
4807	4825	4843	4861
3694	3715	3736	3757	3778	3799	3820	3841	3862	3883	3904	3925
818	825	832	839	846	853	860	867	874	881	888
2723
4577	4592	4607	4622	4637	4652	4667	4682	4697	4712	4727	4742	4757	4772
2500	2507	2514	2521
3270	3275	3280	3285	3290	3295	3300	3305	3310	3315
1835
3627	3629	3631	3633	3635
4270	4271
3540	3544	3548	3552
3248
190	197	204	211	218	225	232	239	246
2642	2648	2654
4354	4356	4358
450	452
4389	4391	4393	4395
816	823	830	837	844	851	858	865	872	879	886
27	35	43	51	59	67	75	83
3607	3610	3613
1098	1104
2053
581	582
463	466	469	472
2082	2087	2092	2097	2102
3390	3392	3394	3396
1214	1216
2766	2768	2770	2772	2774	2776
3950	3955	3960	3965	3970	3975	3980
587	588
3112	3117	3122	3127	3132	3137
3052	3069	3086
4052	4058	4064	4070
12	14
2970	2977	2984
774
4556	4557	4558
4053	4059	4065	4071
4930	4935
1047	1055	1063	1071	1079	1087
3427	3436	3445	3454	3463	3472	3481	3490	3499	3508	3517
2564	2566	2568
537	539
4822	4840	4858	4876
4947	4949
266	268	270	272	274	276
2326	2329	2332
4561	4568
476	481	486
1185	1189	1193	1197	1201
1725	1726	1727	1728	1729
2239	2241
2253	2256	2259	2262	2265	2268	2271	2274	2277	2280	2283	2286	2289	2292
437	441	445
393	398	403	408	413	418	423
3655	3661
1319	1321
292	313	334	355
2818	2834
4883	4885	4887
3983	3984
2640	2646	2652
375	380	385	390
461	464	467	470
3220	3222
448
4124	4158	4192	4226	4260
3704	3725	3746	3767	3788	3809	3830	3851	3872	3893	3914	3935
116	122	128	134	140	146
4351	4352
279	300	321	342
3644	3646	3648	3650
4413	4415	4417	4419
2068	2071	2074	2077	2080
2158	2168	2178	2188
985	990
3372	3373	3374
1737	1743	1749	1755	1761	1767	1773	1779	1785	1791	1797	1803	1809	1815
2785	2788	2791
287	308	329	350
661	665	669	673	677
5075	5076
2581	2604	2627
3371
2547	2548
2809	2825
1816
4952	4954	4956
3049	3066	3083
3399	3401
3213
2590	2613	2636
4905	4909	4913
3370
4560	4567
4122	4156	4190	4224	4258
5029	5031
4130	4164	4198	4232	4266
3368
1303	1306	1309	1312	1315
637	644	651
1052	1060	1068	1076	1084	1092
2665	2667
2445
4917	4920
3088	3090	3092	3094
3116	3121	3126	3131	3136	3141
1398	1400
365
2401	2402	2403
794	798	802	806
3386	3388
153	159	165	171	177	183
4126	4160	4194	4228	4262
984	989
4587	4602	4617	4632	4647	4662	4677	4692	4707	4722	4737	4752	4767	4782
3039	3056	3073
18
3225	3228	3231
3143	3145
983	988
4100	4134	4168	4202	4236
740	748	756	764	772
4129	4163	4197	4231	4265
3350	3352	3354	3356	3358	3360	3362	3364	3366
434
289	310	331	352
4969	4973	4977	4981	4985	4989	4993	4997	5001	5005	5009	5013	5017
3097	3100	3103	3106	3109
2805	2821
3271	3276	3281	3286	3291	3296	3301	3306	3311	3316
4580	4595	4610	4625	4640	4655	4670	4685	4700	4715	4730	4745	4760	4775
4048
4948	4950
4585	4600	4615	4630	4645	4660	4675	4690	4705	4720	4735	4750	4765	4780
3053	3070	3087
5082	5087	5092	5097	5102	5107	5112	5117	5122
4432	4442	4452	4462	4472	4482	4492	4502	4512	4522	4532	4542
1327	1331
3615
4103	4137	4171	4205	4239
2950	2956
3089	3091	3093	3095
4330	4335	4340	4345	4350
3702	3723	3744	3765	3786	3807	3828	3849	3870	3891	3912	3933
1979	1988	1997	2006	2015	2024
1369	1372	1375
635	642	649
4551
1915	1925	1935
4581	4596	4611	4626	4641	4656	4671	4686	4701	4716	4731	4746	4761	4776
2815	2831
3044	3061	3078
2817	2833
2591	2614	2637
4051	4057	4063	4069
8
2355	2360	2365	2370	2375	2380
4554
6	7
1322	1323
518	522	526	530	534
2254	2257	2260	2263	2266	2269	2272	2275	2278	2281	2284	2287	2290	2293
908	911	914
916
4121	4155	4189	4223	4257
948	953	958	963
2582	2605	2628
1332	1336	1340	1344
1356	1360	1364
